31
68
88
96
124
125
141
144
145
147
148
155
161
163
187
196
230
233
270
271
282
285
291
296
321
323
335
339
344
347
349
350
358
361
362
363
372
386
388
414
419
422
424
426
428
429
431
434
436
437
440
441
442
447
449
450
451
459
465
468
470
474
484
489
506
507
508
514
515
518
526
531
536
547
550
568
570
571
576
587
595
589
601
611
613
618
621
622
630
633
635
637
642
644
645
648
649
650
653
656
661
675
677
683
687
688
690
692
697
698
716
718
720
736
744
749
750
751
753
755
773
778
782
806
807
810
812
813
823
824
825
833
835
838
836
841
844
846
848
861
866
867
869
871
941
1008
1102
1119
1124